0 0.04610020661157025 0.4581404320987654 0.08651859504132231 0.16782407407407407
0 0.11027892561983471 0.4508101851851852 0.02221074380165289 0.04282407407407408
0 0.15870351239669422 0.5150462962962963 0.0565599173553719 0.10185185185185185
0 0.1441115702479339 0.46199845679012347 0.028409090909090908 0.045910493827160496
0 0.3140495867768595 0.45100308641975306 0.13119834710743802 0.22839506172839505
0 0.40276342975206614 0.5 0.036415289256198344 0.06790123456790123
0 0.44847623966942146 0.5034722222222222 0.028667355371900828 0.047839506172839504
0 0.47326962809917356 0.5092592592592593 0.025051652892561983 0.044753086419753084
0 0.5021952479338843 0.5067515432098766 0.016270661157024795 0.03356481481481482
0 0.5308626033057852 0.515625 0.028667355371900828 0.05131172839506173
0 0.5551394628099173 0.5416666666666666 0.04674586776859504 0.08873456790123457
0 0.618801652892562 0.5395447530864198 0.04132231404958678 0.0783179012345679
0 0.6655475206611571 0.5190972222222222 0.035640495867768594 0.060570987654320986
0 0.7112603305785123 0.5422453703703703 0.027892561983471075 0.058256172839506175
0 0.8236053719008265 0.5588348765432098 0.061466942148760334 0.11689814814814815
0 0.8744834710743802 0.5603780864197531 0.05578512396694215 0.10300925925925926
0 0.9150309917355371 0.5808256172839507 0.03202479338842975 0.07908950617283951
0 0.9474431818181818 0.5744598765432098 0.02453512396694215 0.06018518518518518
0 0.23760330578512398 0.46662808641975306 0.02737603305785124 0.0466820987654321