0 0.12159304511278196 0.5067090395480226 0.03735902255639098 0.06426553672316385
0 0.11701127819548872 0.4401483050847458 0.02819548872180451 0.04978813559322034
0 0.16717575187969924 0.4625706214689266 0.03031015037593985 0.0635593220338983
0 0.17469454887218044 0.5388418079096046 0.03594924812030075 0.06002824858757062
0 0.24729793233082706 0.5081214689265536 0.03453947368421053 0.05508474576271186
0 0.21886748120300753 0.4339689265536723 0.03453947368421053 0.0557909604519774
0 0.2562265037593985 0.4143714689265537 0.0331296992481203 0.05614406779661017
0 0.2848919172932331 0.4173728813559322 0.027020676691729324 0.043785310734463276
0 0.3036889097744361 0.4433262711864407 0.02843045112781955 0.04978813559322034
0 0.28148496240601506 0.4631002824858757 0.03242481203007519 0.05402542372881356
0 0.30392387218045114 0.5139477401129944 0.0331296992481203 0.0625
0 0.36407424812030076 0.5139477401129944 0.03735902255639098 0.06885593220338983
0 0.3350563909774436 0.4344985875706215 0.027725563909774435 0.0547316384180791
0 0.32025375939849626 0.4074858757062147 0.02819548872180451 0.05296610169491525
0 0.37758458646616544 0.3997175141242938 0.02537593984962406 0.04590395480225989
0 0.38721804511278196 0.4470338983050847 0.02819548872180451 0.05508474576271186
0 0.42210996240601506 0.5086511299435028 0.03171992481203008 0.05826271186440678
0 0.48120300751879697 0.5135946327683616 0.03242481203007519 0.06532485875706215
0 0.4407894736842105 0.4375 0.023496240601503758 0.05508474576271186
0 0.41212406015037595 0.4182556497175141 0.02819548872180451 0.05402542372881356
0 0.47603383458646614 0.4251412429378531 0.024906015037593984 0.05296610169491525
0 0.5005874060150376 0.4048375706214689 0.024201127819548873 0.04343220338983051
0 0.5237312030075187 0.4267302259887006 0.027725563909774435 0.045550847457627115
0 0.5210291353383458 0.4745762711864407 0.03453947368421053 0.06426553672316385
0 0.5787124060150376 0.5248940677966102 0.03383458646616541 0.058968926553672314
0 0.5682565789473685 0.4396186440677966 0.025610902255639098 0.048728813559322036
0 0.5921052631578947 0.4074858757062147 0.02913533834586466 0.04025423728813559
0 0.6111372180451128 0.4293785310734463 0.026785714285714284 0.05084745762711865
0 0.6170112781954887 0.507768361581921 0.03336466165413534 0.07274011299435028
0 0.6456766917293233 0.4339689265536723 0.02819548872180451 0.052259887005649715
0 0.6654135338345865 0.4304378531073446 0.027725563909774435 0.048728813559322036
0 0.6867951127819549 0.4163135593220339 0.027725563909774435 0.05367231638418079
0 0.6695253759398496 0.5005296610169492 0.03171992481203008 0.06038135593220339
0 0.7026550751879699 0.4869350282485876 0.03031015037593985 0.05367231638418079
0 0.7275610902255639 0.504590395480226 0.03171992481203008 0.06850282485875706
0 0.7554041353383458 0.4217867231638418 0.03242481203007519 0.05120056497175141
0 0.7793703007518797 0.5107697740112994 0.027725563909774435 0.06038135593220339
0 0.8039238721804511 0.5270127118644068 0.03125 0.06744350282485875
0 0.8457471804511278 0.5035310734463276 0.03031015037593985 0.06426553672316385
0 0.8785244360902256 0.520656779661017 0.03101503759398496 0.0568502824858757
0 0.9228148496240601 0.5185381355932204 0.03641917293233083 0.06744350282485875