0 0.15258487654320987 0.6809895833333334 0.08487654320987655 0.10445601851851852
0 0.11091820987654322 0.5698784722222222 0.04822530864197531 0.07841435185185185
0 0.16145833333333334 0.5873842592592593 0.05169753086419753 0.07465277777777778
0 0.2518325617283951 0.5465856481481481 0.03530092592592592 0.059027777777777776
0 0.3482831790123457 0.5532407407407407 0.04610339506172839 0.0763888888888889
0 0.3950617283950617 0.5759548611111112 0.047453703703703706 0.08883101851851852
0 0.5197723765432098 0.6498842592592593 0.07928240740740741 0.11284722222222222
0 0.5139853395061729 0.5635127314814815 0.03993055555555555 0.07436342592592593
0 0.5990547839506173 0.5517939814814815 0.03375771604938271 0.0630787037037037
0 0.6451581790123457 0.6313657407407407 0.057291666666666664 0.10011574074074074
0 0.6403356481481481 0.5889756944444444 0.050347222222222224 0.0876736111111111
0 0.6743827160493827 0.5713252314814815 0.028935185185185185 0.07146990740740741
0 0.7085262345679012 0.5419560185185185 0.030864197530864196 0.04976851851851852
0 0.7967785493827161 0.5305266203703703 0.026813271604938273 0.04542824074074074
0 0.8056520061728395 0.5687210648148148 0.03375771604938271 0.06394675925925926
0 0.8290895061728395 0.5662615740740741 0.02700617283950617 0.056712962962962965
0 0.8521412037037037 0.5630787037037037 0.042631172839506175 0.08969907407407407
0 0.918016975308642 0.5817418981481481 0.048996913580246916 0.08998842592592593
0 0.9324845679012346 0.7320601851851852 0.08603395061728394 0.14467592592592593
0 0.9935378086419753 0.5383391203703703 0.01253858024691358 0.03616898148148148