0 0.14257154882154882 0.3279671717171717 0.04061447811447812 0.08017676767676768
0 0.19633838383838384 0.333175505050505 0.03156565656565657 0.06534090909090909
0 0.21485690235690236 0.4095643939393939 0.040824915824915826 0.07039141414141414
0 0.25410353535353536 0.5004734848484849 0.032196969696969696 0.06534090909090909
0 0.3263888888888889 0.556344696969697 0.05176767676767677 0.0798611111111111
0 0.4642255892255892 0.5389835858585859 0.05387205387205387 0.08743686868686869
0 0.5670244107744108 0.5489267676767676 0.05197811447811448 0.09027777777777778
0 0.680976430976431 0.5089962121212122 0.04292929292929293 0.09059343434343434
0 0.2471590909090909 0.3385416666666667 0.03640572390572391 0.054608585858585856
0 0.2702020202020202 0.22490530303030304 0.029461279461279462 0.052714646464646464
0 0.30460858585858586 0.3180239898989899 0.030934343434343436 0.05776515151515151
0 0.3569023569023569 0.3143939393939394 0.03577441077441077 0.06944444444444445
0 0.35448232323232326 0.2152777777777778 0.02798821548821549 0.056818181818181816
0 0.40877525252525254 0.3525883838383838 0.03851010101010101 0.0726010101010101
0 0.4473905723905724 0.31013257575757575 0.03156565656565657 0.06092171717171717
0 0.4305555555555556 0.22269570707070707 0.03156565656565657 0.06092171717171717
0 0.51746632996633 0.24068813131313133 0.027356902356902357 0.054608585858585856
0 0.49158249158249157 0.33222853535353536 0.03577441077441077 0.06723484848484848
0 0.5554503367003367 0.3158143939393939 0.03851010101010101 0.07481060606060606
0 0.5954335016835017 0.3369633838383838 0.03851010101010101 0.07039141414141414
0 0.5849116161616161 0.2380050505050505 0.034301346801346805 0.06628787878787878
0 0.6788720538720538 0.20549242424242425 0.041245791245791245 0.0726010101010101
0 0.6701388888888888 0.32591540404040403 0.04061447811447812 0.0798611111111111
0 0.7346380471380471 0.3053977272727273 0.04335016835016835 0.08301767676767677
0 0.76378367003367 0.2900883838383838 0.05113636363636364 0.08396464646464646
0 0.7535774410774411 0.21654040404040403 0.040824915824915826 0.06313131313131314
0 0.8398569023569024 0.3106060606060606 0.05765993265993266 0.09154040404040405
0 0.9703282828282829 0.3333333333333333 0.05597643097643098 0.10101010101010101