0 0.10108024691358025 0.4894547325102881 0.06558641975308642 0.08590534979423868
0 0.09587191358024691 0.5828189300411523 0.08834876543209877 0.11522633744855967
0 0.14872685185185186 0.43132716049382713 0.047453703703703706 0.0684156378600823
0 0.1554783950617284 0.389917695473251 0.040123456790123455 0.05246913580246913
0 0.27314814814814814 0.5504115226337448 0.07098765432098765 0.10082304526748971
0 0.3140432098765432 0.43184156378600824 0.0470679012345679 0.06738683127572016
0 0.2808641975308642 0.4097222222222222 0.04243827160493827 0.06532921810699588
0 0.3275462962962963 0.2978395061728395 0.031635802469135804 0.04938271604938271
0 0.4672067901234568 0.4637345679012346 0.06095679012345679 0.0889917695473251
0 0.4529320987654321 0.43955761316872427 0.047839506172839504 0.07047325102880658
0 0.4538966049382716 0.6579218106995884 0.09837962962962964 0.1419753086419753
0 0.5528549382716049 0.6054526748971193 0.07330246913580248 0.1183127572016461
0 0.8520447530864198 0.7350823045267489 0.13773148148148148 0.1697530864197531
0 0.9677854938271605 0.6095679012345679 0.06365740740740741 0.12037037037037036
0 0.8479938271604939 0.3428497942386831 0.04552469135802469 0.07047325102880658